100 13162
100 8476
200 306
500 17624
1000 25700
500 14065
2000 34956
200 7921
50 645
50 855
500 5537
5000 35497
200 6750
50 638
5000 18944
5000 40397
100 2119
200 10018
100 284
100 1045
200 2341
2000 34205
50 349
500 30430
50 1016
100 306
5000 152522
200 320
500 17577
1000 21631
200 1498
50 415
500 1938
1000 10071
100 2454
200 14604
2000 11859
5000 85147
100 2978
200 8516
100 7515
500 2123
1000 2504
1000 25207
100 3304
1000 56562
2000 12994
50 1377
5000 89141
5000 35227
50 2984
500 20892
50 1644
2000 28221
200 7429
50 3016
200 3451
200 1598
200 1877
50 2659
500 13762
100 556
2000 48787
500 7883
200 1006
2000 25675
200 3076
100 397
500 11497
200 9252
1000 2443
50 1940
200 4707
50 3533
50 1697
5000 18732
200 5172
1000 29186
1000 30251
1000 36939
2000 82596
5000 36995
100 6256
200 7433
100 1833
50 957
2000 63016
200 2887
500 17722
100 5050
5000 5384
200 7437
1000 23029
100 10435
500 11335
200 9171
500 19304
5000 35912
5000 148368
200 6911
1000 47868
2000 92349
1000 6135
50 1110
500 13720
100 4060
200 4614
500 17607
500 5305
500 8671
200 4
2000 46027
10000 109917
500 25235
200 4034
200 12721
1000 14037
10000 6208
10000 224895
10000 92306
5000 45065
10000 112360
5000 118363
20000 317543
5000 81235
20000 246715
10000 108830
10000 141796
5000 193934
20000 107009
15000 154468
15000 293823
20000 270159
20000 190303
5000 112557
5000 185256
5000 152799
15000 118460
10000 148955
15000 320334
10000 214672
5000 108129
15000 151738
10000 306614
5000 168041
10000 124551
20000 171764
20000 376511
20000 263695
15000 168370
5000 222424
15000 248786
10000 166428
20000 406951
15000 250612
10000 170876
15000 368900
20000 285789
5000 146662
15000 382011
20000 289480
10000 170902
5000 240722
20000 273716
10000 189273
5000 229498
20000 280345
15000 207438
15000 392208
20000 321988
10000 196901
10000 344529
15000 283046
5000 154520
20000 474307
5000 197948
20000 215896
5000 236715
15000 304660
15000 445108
15000 301940
10000 317292
5000 172594
10000 263171
20000 328945
20000 476352
5000 210393
5000 141796
10000 204800
20000 436318
10000 295463
15000 399439
15000 350935
5000 213697
5000 89736
5000 169484
10000 172045
20000 453144
15000 355927
5000 47308
10000 59007
15000 55140
20000 57298
10000 20000
5000 13580
15000 45124
15000 51977
15000 62026
15000 112962
10000 74853
20000 129636
10000 81074
20000 154633
10000 80837
10000 83146
20000 145514
10000 79069
15000 127126
20000 169444
10000 80784
20000 184422
15000 134072
10000 83689
20000 195872
5000 42621
20000 224704
5000 42122
10000 108291
10000 100893
15000 170805
15000 159661
20000 233534
20000 225602
