100 1727
200 8131
1000 30077
50 4639
200 2777
1000 3277
100 5372
100 4613
100 3766
2000 71721
1000 73530
50 1077
50 977
100 9211
100 4941
100 4089
50 22185
200 21672
1000 40195
100 5646
1000 37545
500 33270
2000 44021
2000 18216
50 712
200 12468
500 1198
100 10043
100 7627
500 19962
50 2764
1000 100366
5000 101640
500 18828
50 496
2000 52868
100 30071
500 36064
2000 39659
1000 92941
2000 25392
50 2932
100 3998
100 64752
1000 8809
200 34475
2000 99276
50 2773
200 16689
2000 16481
200 5672
50 42053
5000 9529
2000 41716
5000 74268
2000 71853
1000 56013
500 23791
100 562
200 4061
2000 9675
200 4758
100 10101
5000 86425
